%YAML:1.0
    numFrames: 40
    framePrefix: frame
    frame_1: !!opencv-matrix
        rows: 2
        cols: 15
        dt: f
        data: [ 286.500000, 289.500000, 286.500000, 
            274.500000, 302.500000, 286.500000, 298.500000, 
            254.500000, 310.500000, 274.500000, 306.500000, 
            250.500000, 298.500000, 266.500000, 306.500000, 
            106.500000, 128.500000, 90.500000, 110.500000, 
            110.500000, 146.500000, 154.500000, 110.500000, 
            118.500000, 166.500000, 174.500000, 122.500000, 
            106.500000, 194.500000, 194.500000]
    frame_2: !!opencv-matrix
        rows: 2
        cols: 15
        dt: f
        data: [ 277.017553, 275.945780, 277.017553, 
            268.443366, 289.878835, 272.730459, 277.017553, 
            285.591741, 298.453023, 264.156272, 298.453023, 
            294.165929, 298.453023, 251.294990, 302.740116, 
            105.533799, 115.179760, 88.385424, 114.107987, 
            109.820893, 148.404738, 101.246705, 131.256362, 
            118.395081, 169.840207, 118.395081, 118.395081, 
            118.395081, 199.849864, 148.404738]
    frame_3: !!opencv-matrix
        rows: 2
        cols: 15
        dt: f
        data: [ 268.443366, 266.299819, 264.156272, 
            251.294990, 281.304647, 264.156272, 264.156272, 
            229.859521, 285.591741, 255.582084, 285.591741, 
            199.849864, 311.314304, 238.433709, 281.304647, 
            105.533799, 114.107987, 92.672518, 109.820893, 
            109.820893, 148.404738, 96.959612, 122.682175, 
            118.395081, 169.840207, 114.107987, 126.969269, 
            122.682175, 199.849864, 144.117644]
    frame_4: !!opencv-matrix
        rows: 2
        cols: 15
        dt: f
        data: [ 255.582084, 254.510311, 255.582084, 
            242.720803, 268.443366, 251.294990, 255.582084, 
            234.146615, 272.730459, 242.720803, 272.730459, 
            225.572427, 268.443366, 229.859521, 268.443366, 
            105.533799, 114.107987, 92.672518, 109.820893, 
            105.533799, 148.404738, 96.959612, 105.533799, 
            118.395081, 174.127301, 114.107987, 118.395081, 
            139.830550, 199.849864, 144.117644]
    frame_5: !!opencv-matrix
        rows: 2
        cols: 15
        dt: f
        data: [ 247.007896, 247.007896, 247.007896, 
            234.146615, 259.869178, 242.720803, 251.294990, 
            225.572427, 264.156272, 234.146615, 259.869178, 
            221.285333, 247.007896, 221.285333, 268.443366, 
            105.533799, 123.753948, 84.098330, 109.820893, 
            105.533799, 148.404738, 135.543456, 122.682175, 
            118.395081, 174.127301, 156.978926, 105.533799, 
            126.969269, 199.849864, 191.275676]
    frame_6: !!opencv-matrix
        rows: 2
        cols: 15
        dt: f
        data: [ 234.500000, 236.500000, 238.500000, 
            226.500000, 246.500000, 234.500000, 242.500000, 
            214.500000, 254.500000, 226.500000, 250.500000, 
            210.500000, 238.500000, 210.500000, 258.500000, 
            106.500000, 124.500000, 90.500000, 110.500000, 
            102.500000, 150.500000, 134.500000, 118.500000, 
            114.500000, 170.500000, 158.500000, 106.500000, 
            126.500000, 202.500000, 190.500000]
    frame_7: !!opencv-matrix
        rows: 2
        cols: 15
        dt: f
        data: [ 221.285333, 224.500654, 225.572427, 
            208.424052, 234.146615, 225.572427, 229.859521, 
            199.849864, 242.720803, 216.998239, 242.720803, 
            199.849864, 229.859521, 208.424052, 251.294990, 
            92.672518, 117.323307, 75.524142, 92.672518, 
            101.246705, 148.404738, 135.543456, 114.107987, 
            109.820893, 174.127301, 161.266019, 109.820893, 
            126.969269, 199.849864, 191.275676]
    frame_8: !!opencv-matrix
        rows: 2
        cols: 15
        dt: f
        data: [ 214.157894, 217.603989, 218.752687, 
            200.373514, 227.942274, 214.157894, 227.942274, 
            191.183927, 237.131861, 209.563101, 237.131861, 
            195.778720, 218.752687, 204.968307, 246.321448, 
            94.693265, 121.113327, 76.314091, 94.693265, 
            99.288059, 145.235993, 149.830786, 113.072439, 
            108.477645, 172.804753, 172.804753, 85.503678, 
            126.856819, 200.373514, 195.778720]
    frame_9: !!opencv-matrix
        rows: 2
        cols: 15
        dt: f
        data: [ 206.500000, 207.500000, 210.500000, 
            194.500000, 218.500000, 202.500000, 214.500000, 
            190.500000, 230.500000, 202.500000, 222.500000, 
            186.500000, 250.500000, 198.500000, 238.500000, 
            90.500000, 112.500000, 74.500000, 90.500000, 
            98.500000, 134.500000, 134.500000, 114.500000, 
            110.500000, 170.500000, 158.500000, 102.500000, 
            106.500000, 198.500000, 190.500000]
    frame_10: !!opencv-matrix
        rows: 2
        cols: 15
        dt: f
        data: [ 206.500000, 206.500000, 206.500000, 
            198.500000, 210.500000, 202.500000, 210.500000, 
            182.500000, 218.500000, 194.500000, 222.500000, 
            182.500000, 218.500000, 194.500000, 234.500000, 
            110.500000, 130.500000, 94.500000, 114.500000, 
            114.500000, 154.500000, 146.500000, 102.500000, 
            98.500000, 178.500000, 170.500000, 82.500000, 
            98.500000, 198.500000, 194.500000]
    frame_11: !!opencv-matrix
        rows: 2
        cols: 15
        dt: f
        data: [ 198.500000, 199.500000, 202.500000, 
            190.500000, 206.500000, 194.500000, 206.500000, 
            174.500000, 206.500000, 190.500000, 214.500000, 
            178.500000, 214.500000, 186.500000, 226.500000, 
            106.500000, 127.500000, 94.500000, 110.500000, 
            110.500000, 150.500000, 146.500000, 98.500000, 
            134.500000, 174.500000, 170.500000, 82.500000, 
            150.500000, 198.500000, 194.500000]
    frame_12: !!opencv-matrix
        rows: 2
        cols: 15
        dt: f
        data: [ 194.500000, 194.500000, 194.500000, 
            186.500000, 202.500000, 186.500000, 202.500000, 
            170.500000, 202.500000, 186.500000, 210.500000, 
            174.500000, 206.500000, 182.500000, 222.500000, 
            106.500000, 127.500000, 94.500000, 110.500000, 
            110.500000, 146.500000, 150.500000, 98.500000, 
            130.500000, 170.500000, 170.500000, 82.500000, 
            150.500000, 194.500000, 194.500000]
    frame_13: !!opencv-matrix
        rows: 2
        cols: 15
        dt: f
        data: [ 186.589134, 188.886530, 191.183927, 
            177.399547, 191.183927, 186.589134, 195.778720, 
            168.209960, 200.373514, 186.589134, 204.968307, 
            172.804753, 191.183927, 177.399547, 218.752687, 
            103.882852, 126.856819, 90.098472, 108.477645, 
            108.477645, 149.830786, 149.830786, 94.693265, 
            90.098472, 172.804753, 172.804753, 76.314091, 
            71.719298, 209.563101, 195.778720]
    frame_14: !!opencv-matrix
        rows: 2
        cols: 15
        dt: f
        data: [ 177.399547, 181.994340, 177.399547, 
            172.804753, 186.589134, 181.994340, 191.183927, 
            163.615166, 195.778720, 181.994340, 200.373514, 
            163.615166, 200.373514, 177.399547, 214.157894, 
            99.288059, 123.410724, 76.314091, 103.882852, 
            108.477645, 149.830786, 145.235993, 94.693265, 
            136.046406, 177.399547, 172.804753, 71.719298, 
            159.020373, 214.157894, 195.778720]
    frame_15: !!opencv-matrix
        rows: 2
        cols: 15
        dt: f
        data: [ 173.034055, 178.690909, 167.377200, 
            161.720346, 190.004617, 184.347763, 184.347763, 
            133.436075, 223.945743, 173.034055, 190.004617, 
            105.151804, 257.886868, 173.034055, 212.632034, 
            76.867532, 113.637085, 48.583261, 88.181241, 
